video_timestamp,shoulders_inclination,hips_inclination,knee_angle,pelvis_angle,arm_angle,right_shoulder X,right_shoulder Y,left_shoulder X,left_shoulder Y,left_elbow X,left_elbow Y,right_wrist X,right_wrist Y,left_wrist X,left_wrist Y,nose X,nose Y,right_hip X,right_hip Y,left_hip X,left_hip Y,right_knee X,right_knee Y,right_ankle X,right_ankle Y,left_ankle X,left_ankle Y,midpoint X,midpoint Y
0:00:00,12.756503652188343,5.016420291081196,177.17057434241806,160.72362045646832,172.36556940965642,309,114,366,102,361,152,334,206,347,196,326,94,325,177,359,174,311,245,300,314,386,312,343,313
0:00:00,11.795636382485185,4.873801739657673,176.96849269049224,161.44866678389207,172.714301880243,309,114,366,103,361,153,333,206,348,195,326,94,325,179,360,176,311,246,300,314,386,311,343,312
0:00:00,11.795636382485185,4.873801739657673,177.02742494704134,161.63980940829182,173.1850709573997,309,114,366,103,361,154,333,205,348,195,325,95,325,179,360,176,311,246,300,314,386,310,343,312
0:00:00,11.795636382485185,4.873801739657673,177.06792422914418,161.71235496219808,173.31416490211672,309,114,366,103,361,154,333,205,348,194,325,95,325,179,360,176,311,246,300,314,386,309,343,312
0:00:00,11.795636382485185,4.873801739657673,176.97540410195452,161.7762121425429,173.48670073748826,309,115,366,104,361,154,333,205,348,194,326,95,325,179,360,176,311,246,300,314,386,309,343,311
0:00:00,11.795636382485185,4.739050217641039,177.03261867733414,161.80367628690846,173.58450473754908,309,115,366,104,361,154,332,205,349,194,326,97,324,179,360,176,311,246,300,314,387,309,343,311
0:00:00,11.795636382485185,4.873801739657673,177.1133608904106,161.726656189436,173.66326262955334,309,115,366,104,361,154,332,205,349,194,326,97,325,179,360,176,311,245,300,313,387,309,343,311
0:00:00,11.795636382485185,4.873801739657673,177.19424129695227,161.6467991146916,173.7977233569363,309,115,366,104,361,154,333,205,349,194,326,97,325,179,360,176,311,245,300,313,387,309,344,311
0:00:00,11.98489013919567,4.873801739657673,177.28306093405885,161.577756363801,173.8579607099598,310,115,366,104,361,154,333,205,349,194,327,97,325,179,360,176,311,245,300,313,387,309,344,311
0:00:00,11.98489013919567,4.739050217641039,177.3558482704202,161.56806135838613,173.8974694203752,310,115,366,104,361,154,333,205,349,194,327,97,325,179,361,176,311,245,300,313,387,309,344,311
0:00:00,12.96153873907835,4.739050217641039,177.405492762059,161.5055209019892,173.68341647751592,310,115,366,103,361,154,333,204,349,194,327,96,325,179,361,176,311,245,300,313,387,308,344,311
0:00:00,12.96153873907835,4.739050217641039,177.45611039504826,161.49411269601666,173.60141492454616,310,115,366,103,361,154,333,204,349,194,327,96,325,179,361,176,311,245,300,312,387,308,344,310
0:00:00,11.98489013919567,4.739050217641039,177.45941131551743,161.4917672871858,173.5795602676326,310,114,366,103,361,153,333,204,349,194,327,96,325,179,361,176,311,245,300,312,387,308,344,310
0:00:00,11.98489013919567,4.739050217641039,177.4398280635293,161.45730693658473,173.7663342251449,310,114,366,103,361,153,333,204,350,194,327,96,325,179,361,176,311,245,300,312,387,308,344,310
0:00:00,12.96153873907835,4.739050217641039,177.41625795421007,161.59988147574006,173.7874112661794,310,114,366,102,361,153,333,203,350,194,327,96,325,179,361,176,311,244,300,312,387,308,344,310
0:00:01,12.96153873907835,6.486144407191291,177.3581129486197,161.6520297297569,173.80359043463676,310,114,366,102,361,153,333,203,350,194,327,97,325,179,360,175,311,244,300,312,387,308,344,310
0:00:01,12.96153873907835,6.486144407191291,177.3486238803152,161.70695765440905,174.0080674582466,310,114,366,102,361,153,333,203,350,194,327,97,325,179,360,175,311,244,300,312,388,308,344,310
0:00:01,12.756503652188343,6.307461606912107,177.3076255067673,161.8903004231614,174.01428792451966,309,114,366,102,361,153,333,203,350,194,327,97,324,179,360,175,311,244,300,312,388,308,344,310
0:00:01,11.795636382485185,4.739050217641039,177.4680252216054,161.80127600741284,174.7656665546412,309,113,366,102,360,153,332,203,349,194,326,95,324,178,360,175,311,244,300,312,388,308,344,310
0:00:01,11.795636382485213,4.739050217641116,177.6118390141515,162.00934746183952,175.41225361332016,308,113,365,102,359,153,331,203,348,194,325,93,323,178,359,175,310,244,300,312,388,308,344,310
0:00:01,9.70406461950779,4.611533651848119,177.63954430632987,162.17912350141103,176.22720922472058,307,112,365,103,358,154,329,203,347,194,324,92,322,179,359,176,310,244,301,312,388,308,344,310
0:00:01,9.855525733356643,4.611533651848119,177.68596301423972,162.03202377792314,176.0977094102049,306,112,363,103,356,154,327,204,346,195,324,92,322,179,359,176,310,244,301,312,388,308,344,310
0:00:01,10.012262276905062,6.138322637470814,177.76523218065947,161.61669251819865,175.75827376390856,305,112,361,103,354,154,324,205,343,195,323,85,322,180,359,176,310,244,300,312,388,308,344,310
0:00:01,8.017453434547264,4.611533651848119,177.74081421139056,162.0140755181602,176.18025577821248,304,111,360,104,351,155,320,205,339,195,322,86,322,180,359,177,309,245,300,312,388,308,344,310
0:00:01,6.191990825082939,4.739050217641116,177.43967816050704,162.5774531752635,174.63537670616483,304,111,358,106,349,155,314,206,335,196,322,87,322,180,358,177,308,248,300,312,388,308,344,310
0:00:01,5.305216547759187,6.486144407191291,177.6273701052465,162.13132719063495,172.19410387650518,303,111,355,107,347,155,309,206,330,196,322,87,322,180,357,176,308,246,300,311,388,308,344,310
0:00:01,3.1204463765894843,6.30746160691205,177.62235058017504,162.32450123429248,170.25823388988206,302,109,354,107,343,155,304,205,321,198,321,88,322,180,358,176,307,245,300,311,387,308,344,310
0:00:01,2.0467226042426603,4.873801739657673,177.523903380448,162.6662419530729,167.66222397840755,302,107,353,108,341,155,295,204,312,198,320,82,322,179,357,176,306,246,300,311,387,309,344,310
0:00:01,3.208003911409378,6.486144407191291,177.64995366387961,163.28292803609918,166.89430625122236,302,105,352,107,338,150,286,201,307,192,319,79,323,180,358,176,305,245,300,311,387,309,344,310
0:00:01,4.414664016391981,4.873801739657673,177.67084018838497,163.936672049621,168.7326557038041,302,104,351,107,331,150,278,196,297,190,319,79,323,180,358,177,305,245,300,311,387,309,343,310
0:00:01,8.01745343454715,4.873801739657673,177.48687942832765,165.45123800989901,164.4280019346979,302,100,350,106,331,146,270,187,296,180,318,78,323,181,358,178,305,245,300,311,387,309,343,310
0:00:01,9.725388973170567,1.628128496809737,177.36513123207675,166.5256231364176,163.21635005876905,303,99,348,106,318,146,264,177,275,176,318,80,322,181,357,180,305,245,300,311,387,309,343,310
0:00:01,16.226092767018486,1.628128496809737,177.18871760218457,167.90622109177625,164.68549657570853,305,97,345,108,303,147,260,162,260,170,317,83,322,182,357,181,305,245,300,310,387,309,343,310
0:00:01,19.717809968364122,1.6281284968095155,176.4976445568944,169.44723255901053,152.04058323981192,306,96,344,109,300,143,292,134,253,156,317,85,321,183,356,182,304,245,300,310,386,310,343,310
0:00:01,21.547785512017924,0.0,176.44104459881112,170.71191150301107,144.01332450300845,308,95,345,109,300,137,259,135,250,143,319,86,321,183,356,183,304,245,300,310,386,310,343,310
0:00:01,22.618082240786578,1.6759874276282802,176.61201749359952,171.27341739003023,129.6319657850884,309,95,344,109,297,133,314,110,249,129,320,89,321,184,355,183,304,245,300,310,386,310,343,310
0:00:01,17.234150923268942,1.726744315370138,176.91888052789582,172.012761528713,113.47724778780574,310,96,344,106,300,125,254,106,256,112,320,89,322,185,355,184,304,245,300,310,386,310,343,310
0:00:01,19.856608395326248,3.5578721697695883,177.45395761577646,173.38774700258244,112.56009524239242,314,96,343,106,302,119,254,90,262,101,317,89,323,186,355,184,303,245,300,310,386,310,343,310
0:00:01,18.081672103926024,3.5578721697695883,178.06802536590055,173.53303095183037,83.84070275619537,314,95,343,104,305,125,262,74,272,100,317,87,323,186,355,184,303,245,300,310,386,310,343,310
0:00:01,11.001623541373874,1.7806705055252983,179.14518768923818,173.95977833962152,109.50126783449382,315,95,343,100,303,103,267,58,276,71,314,86,323,185,355,184,303,245,300,310,386,310,343,310
0:00:01,0.929218745381803,1.8992967650601036,179.48539128275993,174.69644898210987,111.48070807253552,315,94,343,94,302,91,281,50,284,55,314,83,324,185,354,184,303,245,300,310,386,310,343,310
0:00:01,2.828515510441889,1.9647387569719397,179.5700391404376,175.10753125012877,96.5180556152584,316,93,346,92,304,92,299,42,296,53,315,82,324,185,353,184,302,245,300,310,386,311,343,311
0:00:01,3.0393653501959648,2.1912276312077115,179.06896810082577,176.22128185090472,123.40587216881099,316,92,343,93,307,79,315,39,309,46,322,81,326,185,352,184,302,245,300,310,386,311,343,311
0:00:01,4.007304266811985,4.214525146502523,179.352288388045,174.11227211186727,119.69404893263193,312,92,349,94,332,93,319,44,313,71,327,83,326,185,353,183,302,245,300,310,386,311,343,311
0:00:01,0.929218745381803,4.0645254927614705,179.93856201118453,173.02717639124188,86.12192551353729,311,91,350,91,332,97,325,60,314,78,326,76,326,185,354,183,302,245,300,310,386,311,343,311
0:00:02,2.8939575023537145,2.0348494227214324,179.57556311908408,175.89386499063627,81.29212338345317,321,90,350,91,321,99,326,66,309,78,321,77,327,184,355,183,304,244,300,310,386,311,343,311
0:00:02,5.305216547759102,0.0,179.10288408219793,174.98356128915202,80.51469102004258,325,94,351,92,320,103,316,84,303,81,323,79,327,182,358,182,307,244,300,310,386,311,343,311
0:00:02,2.7672910441915803,1.6281284968095155,177.8545836323577,172.66794057599586,126.72469264868971,325,94,356,93,321,116,338,113,288,115,326,77,327,180,362,181,314,244,301,310,387,310,344,310
0:00:02,4.092633544387581,1.540165603674107,173.93242606348338,167.9908321172044,143.9834506179709,321,100,357,98,335,134,350,126,289,152,324,78,328,178,365,179,321,245,301,310,388,310,344,310
0:00:02,4.562587559744884,3.2536045971572,175.50464045045118,162.4090196943055,154.27211230812097,313,100,360,97,353,144,317,177,317,179,319,89,334,178,369,176,327,246,301,308,390,310,346,309
0:00:02,18.193656242755168,8.322698689542653,178.0664382938032,158.0465002850837,161.50235249357615,311,104,359,89,366,134,325,184,349,172,319,89,337,176,371,171,329,244,301,307,392,306,346,306
0:00:02,27.802435898853503,7.088234689165361,179.63984138150934,154.4731242033697,176.04207483892677,308,108,359,82,366,130,355,187,367,171,319,94,337,169,369,165,330,240,301,306,393,304,347,305
0:00:02,32.991600816318936,6.875549109065836,179.21372031121925,154.62043942640938,178.69915466614077,308,107,354,78,373,123,378,159,390,157,307,83,337,170,370,166,327,238,301,306,393,304,347,305
0:00:02,42.69967954721267,5.167613570442465,179.9352777276686,152.17835550673973,168.90686210504947,307,112,347,76,378,109,393,137,414,134,309,89,337,171,370,168,325,238,300,305,391,305,345,305
0:00:02,49.147239186616474,3.3490818947963312,179.9020968492367,151.47865045494328,135.88431196322765,311,114,342,79,380,98,409,102,419,97,310,97,338,171,372,169,324,238,297,305,388,306,343,306
0:00:02,51.37802725103256,10.251649488171273,178.98832363643527,152.47178005224382,110.64302778515967,314,113,341,80,379,90,390,87,409,73,312,95,340,175,373,169,323,239,296,306,387,306,341,306
0:00:02,69.41259088529424,13.963783798231262,179.1534133514644,157.68811635724262,137.72751479897306,329,120,341,89,374,84,391,78,401,59,333,93,345,180,373,173,326,241,295,306,386,307,341,306
0:00:02,71.46968420932555,15.561496075942516,178.4867581401218,160.1640268408459,118.03305203968691,330,116,339,90,372,86,388,65,384,61,328,88,350,183,375,176,329,242,296,306,386,308,341,307
0:00:02,74.60152880939954,14.667451753352037,178.59570146100617,165.19920186524809,150.0777135999416,337,115,341,101,353,90,382,52,356,66,337,87,355,184,374,179,332,242,296,305,386,308,341,306
0:00:02,167.53587008518534,21.688863495404785,179.10902996117244,173.74184005039788,153.23071234031153,351,110,333,106,344,92,369,45,340,62,340,81,362,184,372,180,336,247,296,304,385,308,340,306
0:00:02,45.696914059036345,12.927534339071503,177.43048550466926,169.4340128276081,159.69566292888825,340,99,344,103,348,93,347,43,341,65,336,70,361,182,374,179,338,244,296,300,385,308,340,304
0:00:02,30.520547257433577,0.0,175.15590136981137,165.51019266723358,175.71215897092864,337,101,358,89,351,75,333,55,334,48,339,73,361,179,378,179,338,243,296,299,385,308,340,303
0:00:02,15.5966704987338,0.0,175.5179628766531,166.97786336870269,179.33811503832231,336,89,355,84,351,80,329,53,333,59,336,55,362,176,377,176,340,241,296,299,385,308,340,303
0:00:02,20.625886838539373,3.55787216976969,175.01335574449575,166.8280701753175,145.1801058461886,337,94,362,85,358,74,326,56,324,55,346,63,361,177,377,178,342,240,296,298,384,308,340,303
0:00:02,27.357132458427742,3.55787216976969,175.3380458195802,167.89175580525145,152.7210863502385,341,96,359,87,342,68,314,54,314,57,348,66,361,177,377,178,342,240,296,298,383,308,340,303
0:00:02,167.96768000630342,8.08813211243737,174.7158360220955,173.83864746149305,179.0877675925942,354,90,340,93,321,73,312,53,308,60,349,69,362,177,376,179,345,239,296,298,383,308,340,303
0:00:02,165.0093002941876,8.701011718530157,175.20562226343534,177.31198347628617,168.17915915095395,361,87,335,94,318,76,317,53,310,61,348,67,362,177,375,179,343,239,296,298,383,308,340,303
0:00:02,164.43850392405747,9.413474612633724,175.68991538196823,177.77515666938788,163.1642730910996,361,86,336,93,320,79,315,51,311,60,349,65,362,177,374,179,342,240,296,299,383,308,340,304
0:00:02,167.53587008518534,10.251649488171237,175.68100560764935,178.59937752792837,153.57052750825093,363,87,336,93,317,78,320,51,312,57,352,63,363,177,374,179,342,241,296,299,383,309,340,304
0:00:02,172.18722806431927,5.167613570442465,175.92892042143765,179.99194817328265,153.4665175757386,366,89,337,93,319,79,323,52,313,57,360,65,362,178,373,179,341,243,296,299,384,309,340,304
0:00:02,172.44456265908957,9.413474612633687,176.88794576580273,177.41931283167906,145.41958015046671,369,89,339,93,321,81,325,53,316,59,364,66,365,178,371,179,341,246,296,299,384,309,340,304
0:00:02,21.37914695080437,7.088234689165361,175.54542437451698,176.7879755439995,164.35062055428205,357,90,365,87,351,69,331,53,326,51,365,66,365,178,373,179,340,246,297,299,384,310,340,305
0:00:02,14.893002543613079,5.681113191996226,174.85843772884223,173.1912255101169,139.9628303751091,348,89,364,85,363,67,341,51,339,52,361,57,364,177,374,178,344,244,298,299,384,310,341,305
0:00:02,16.79229930867311,5.681113191996226,174.95777631998322,172.84504003260477,141.40631944716444,347,89,361,85,362,65,342,45,341,49,363,60,364,177,374,178,343,244,298,299,384,310,341,305
0:00:02,22.618082240786578,0.0,175.28866057350268,173.24667780127518,156.58298257875654,348,89,358,85,358,68,345,46,344,50,363,60,364,178,373,178,343,244,297,300,384,311,340,305
0:00:03,172.27492030282644,13.963783798231262,177.61820138071698,178.076146284234,171.94760427806938,365,89,343,86,341,70,349,45,343,50,364,61,365,179,369,178,343,244,297,300,383,311,340,305
0:00:03,176.74639540284292,157.38191775921342,178.67722470767708,171.03993771671193,179.5021451830519,372,89,337,87,341,73,358,45,348,48,363,61,367,180,362,178,337,245,296,300,383,311,340,306
0:00:03,176.8365852009941,171.98254656545285,177.78941091428783,169.56014780763059,176.49380848820567,374,89,338,87,343,74,361,46,355,45,363,61,368,180,360,179,334,250,295,300,383,311,339,306
0:00:03,176.32767015274348,163.20770069132686,177.926431074882,171.2143329592021,142.22567425850647,371,89,340,87,351,80,378,46,354,47,363,59,368,181,361,179,335,250,295,300,383,311,339,306
0:00:03,176.07518010984043,163.20770069132686,177.18113107040196,171.63416570981127,123.97310107222799,369,89,340,87,353,83,385,46,360,48,362,57,368,181,361,179,335,250,295,300,383,311,339,306
0:00:03,175.93547450723852,167.81923434317503,175.3749313972765,172.46027697964854,103.65034575963534,368,89,340,87,368,85,391,50,376,52,362,57,367,181,362,180,337,250,295,301,383,311,339,306
0:00:03,173.45203349123673,167.81923434317503,174.5438765135981,172.91631986042657,87.4298980490171,367,90,341,87,363,88,397,55,366,54,365,58,367,181,362,180,339,250,295,301,383,312,339,306
0:00:03,173.19255121695468,44.76769531365457,175.16487451383168,175.46256536399852,63.47432616327955,367,90,342,87,361,93,398,60,365,58,369,62,365,181,366,180,339,249,295,301,383,312,339,307
